GENSCAN00000034754	ENSP00000387286	100.00	200	0	0	71	270	1	200	2e-114	 411
GENSCAN00000034754	ENSP00000310226	93.85	195	11	1	74	268	1	194	3e-103	 374
GENSCAN00000034754	ENSP00000386672	84.00	200	0	1	71	270	1	168	5e-91	 333
GENSCAN00000034754	ENSP00000348546	84.00	200	0	1	71	270	1	168	8e-89	 326
GENSCAN00000034754	ENSP00000435195	77.44	195	11	2	74	268	1	162	5e-77	 287
GENSCAN00000034754	ENSP00000377642	98.32	119	2	0	74	192	1	119	4e-66	 251
GENSCAN00000034754	ENSP00000300935	54.77	199	90	0	74	272	1	199	2e-63	 242
GENSCAN00000034754	ENSP00000312734	54.73	201	85	2	74	270	1	199	4e-62	 238
GENSCAN00000034754	ENSP00000405463	61.49	161	62	0	74	234	1	161	5e-59	 227
GENSCAN00000034754	ENSP00000357564	51.00	200	98	0	74	273	1	200	6e-59	 227
GENSCAN00000034754	ENSP00000264710	58.93	168	69	0	78	245	6	173	1e-58	 226
GENSCAN00000034754	ENSP00000229340	64.81	162	56	1	74	235	1	161	7e-57	 220
GENSCAN00000034754	ENSP00000386451	100.00	104	0	0	167	270	33	136	3e-54	 211
GENSCAN00000034754	ENSP00000386451	96.97	33	1	0	71	103	1	33	1e-11	70.5
GENSCAN00000034754	ENSP00000313814	98.02	101	2	0	74	174	1	101	2e-53	 209
GENSCAN00000034754	ENSP00000222256	45.41	207	107	1	73	273	14	220	6e-52	 204
GENSCAN00000034754	ENSP00000282878	44.93	207	105	2	73	273	22	225	2e-50	 199
GENSCAN00000034754	ENSP00000439315	45.24	210	106	4	70	273	13	219	2e-49	 195
GENSCAN00000034754	ENSP00000360718	45.24	210	106	4	70	273	13	219	2e-49	 195
GENSCAN00000034754	ENSP00000210187	48.52	169	86	1	78	245	60	228	6e-49	 194
GENSCAN00000034754	ENSP00000222120	50.89	169	83	0	78	246	19	187	4e-48	 191
GENSCAN00000034754	ENSP00000262646	48.11	185	96	0	78	262	3	187	5e-48	 191
GENSCAN00000034754	ENSP00000440167	49.42	172	86	1	75	245	11	182	6e-48	 191
GENSCAN00000034754	ENSP00000348778	49.42	172	86	1	75	245	11	182	6e-48	 191
GENSCAN00000034754	ENSP00000302005	47.69	195	99	1	78	272	3	194	7e-48	 190
GENSCAN00000034754	ENSP00000380869	47.69	195	99	1	78	272	3	194	1e-47	 189
GENSCAN00000034754	ENSP00000434103	50.91	165	81	0	74	238	1	165	2e-47	 189
GENSCAN00000034754	ENSP00000261890	52.30	174	83	0	71	244	1	174	2e-47	 188
GENSCAN00000034754	ENSP00000436563	45.20	177	96	1	75	250	23	199	5e-47	 187
GENSCAN00000034754	ENSP00000376389	45.20	177	96	1	75	250	23	199	5e-47	 187
GENSCAN00000034754	ENSP00000333547	51.15	174	85	0	71	244	1	174	1e-46	 186
GENSCAN00000034754	ENSP00000434953	51.53	163	79	0	77	239	5	167	1e-46	 186
GENSCAN00000034754	ENSP00000435189	50.60	166	82	0	77	242	5	170	2e-46	 186
GENSCAN00000034754	ENSP00000435089	50.60	166	82	0	77	242	5	170	2e-46	 186
GENSCAN00000034754	ENSP00000260056	50.60	166	82	0	77	242	5	170	2e-46	 186
GENSCAN00000034754	ENSP00000331748	50.30	169	83	1	79	246	40	208	5e-46	 184
GENSCAN00000034754	ENSP00000432086	45.78	166	89	1	83	247	4	169	8e-46	 183
GENSCAN00000034754	ENSP00000376982	49.42	172	86	1	77	247	14	185	1e-45	 183
GENSCAN00000034754	ENSP00000376984	49.42	172	86	1	77	247	14	185	1e-45	 183
GENSCAN00000034754	ENSP00000376985	49.42	172	86	1	77	247	14	185	1e-45	 183
GENSCAN00000034754	ENSP00000376981	49.42	172	86	1	77	247	14	185	1e-45	 183
GENSCAN00000034754	ENSP00000319781	49.42	172	86	1	77	247	14	185	1e-45	 183
GENSCAN00000034754	ENSP00000376390	45.56	169	91	1	83	250	36	204	1e-45	 182
GENSCAN00000034754	ENSP00000441580	48.15	162	83	1	85	245	1	162	2e-45	 182
GENSCAN00000034754	ENSP00000441883	75.00	108	27	0	74	181	1	108	8e-45	 180
GENSCAN00000034754	ENSP00000443994	56.79	162	53	2	74	235	1	145	1e-44	 179
GENSCAN00000034754	ENSP00000376387	45.18	166	90	1	75	239	23	188	1e-44	 179
GENSCAN00000034754	ENSP00000362946	45.03	191	105	0	71	261	1	191	4e-44	 177
GENSCAN00000034754	ENSP00000400107	46.11	180	97	0	71	250	1	180	5e-44	 177
GENSCAN00000034754	ENSP00000349560	46.59	176	94	0	74	249	1	176	3e-42	 171
GENSCAN00000034754	ENSP00000447053	43.52	193	108	1	82	273	55	247	4e-42	 171
GENSCAN00000034754	ENSP00000355651	44.33	194	98	1	72	255	4	197	5e-42	 171
GENSCAN00000034754	ENSP00000383934	43.82	178	97	2	76	250	15	192	8e-42	 170
GENSCAN00000034754	ENSP00000435021	43.82	178	97	2	76	250	15	192	8e-42	 170
GENSCAN00000034754	ENSP00000273047	47.13	174	90	1	82	253	21	194	1e-41	 169
GENSCAN00000034754	ENSP00000275874	38.81	219	86	2	75	245	11	229	2e-41	 169
GENSCAN00000034754	ENSP00000420782	50.35	141	70	0	73	213	9	149	2e-41	 169
GENSCAN00000034754	ENSP00000349415	46.70	182	93	3	82	262	9	187	2e-40	 165
GENSCAN00000034754	ENSP00000377440	43.52	193	108	1	82	273	22	214	3e-40	 165
GENSCAN00000034754	ENSP00000345689	43.52	193	108	1	82	273	22	214	3e-40	 165
GENSCAN00000034754	ENSP00000341354	45.00	160	87	1	81	239	22	181	3e-40	 165
GENSCAN00000034754	ENSP00000353444	47.24	163	86	0	82	244	21	183	6e-40	 164
GENSCAN00000034754	ENSP00000450168	47.24	163	86	0	82	244	21	183	6e-40	 164
GENSCAN00000034754	ENSP00000405767	53.85	143	66	0	71	213	1	143	1e-39	 162
GENSCAN00000034754	ENSP00000257017	47.62	168	83	3	81	243	36	203	3e-39	 162
GENSCAN00000034754	ENSP00000262094	38.97	213	112	4	77	271	5	217	3e-39	 162
GENSCAN00000034754	ENSP00000354376	46.39	166	89	0	77	242	8	173	5e-39	 161
GENSCAN00000034754	ENSP00000432193	53.33	135	63	0	77	211	5	139	6e-39	 160
GENSCAN00000034754	ENSP00000306496	44.51	173	91	3	76	243	28	200	2e-38	 159
GENSCAN00000034754	ENSP00000358466	43.82	178	98	2	74	249	1	178	4e-38	 158
GENSCAN00000034754	ENSP00000322594	45.60	182	93	3	74	249	1	182	1e-37	 156
GENSCAN00000034754	ENSP00000337761	40.98	183	97	3	75	246	3	185	2e-37	 156
GENSCAN00000034754	ENSP00000379601	40.98	183	97	3	75	246	3	185	2e-37	 156
GENSCAN00000034754	ENSP00000411941	44.83	174	80	2	82	253	21	180	9e-37	 153
GENSCAN00000034754	ENSP00000431846	41.08	185	85	1	78	262	3	163	1e-36	 152
GENSCAN00000034754	ENSP00000267512	57.94	107	45	0	74	180	1	107	6e-36	 150
GENSCAN00000034754	ENSP00000437235	55.56	117	52	0	77	193	5	121	1e-35	 150
GENSCAN00000034754	ENSP00000438897	43.53	170	95	1	78	247	45	213	1e-35	 150
GENSCAN00000034754	ENSP00000365630	35.71	224	121	3	71	276	519	737	1e-35	 149
GENSCAN00000034754	ENSP00000304565	42.24	161	93	0	82	242	7	167	2e-35	 149
GENSCAN00000034754	ENSP00000379598	39.89	183	91	4	75	246	3	177	3e-35	 148
GENSCAN00000034754	ENSP00000431589	55.08	118	53	0	78	195	3	120	4e-35	 148
GENSCAN00000034754	ENSP00000427632	54.31	116	53	0	77	192	14	129	4e-35	 148
GENSCAN00000034754	ENSP00000244040	41.61	161	94	0	82	242	6	166	7e-35	 147
GENSCAN00000034754	ENSP00000269347	43.53	170	95	1	78	247	11	179	9e-35	 147
GENSCAN00000034754	ENSP00000434906	47.15	123	64	1	75	196	23	145	3e-34	 145
GENSCAN00000034754	ENSP00000407936	42.04	157	91	0	86	242	2	158	4e-34	 144
GENSCAN00000034754	ENSP00000409382	37.13	167	105	0	79	245	543	709	6e-34	 144
GENSCAN00000034754	ENSP00000432336	56.48	108	47	0	77	184	5	112	1e-33	 143
GENSCAN00000034754	ENSP00000377201	38.58	197	117	2	82	277	14	207	2e-33	 142
GENSCAN00000034754	ENSP00000311449	38.58	197	117	2	82	277	14	207	2e-33	 142
GENSCAN00000034754	ENSP00000434974	54.78	115	52	0	77	191	5	119	2e-33	 142
GENSCAN00000034754	ENSP00000376391	46.21	132	71	0	119	250	36	167	2e-33	 142
GENSCAN00000034754	ENSP00000376388	46.21	132	71	0	119	250	31	162	3e-33	 142
GENSCAN00000034754	ENSP00000336850	38.07	197	118	2	82	277	14	207	6e-33	 140
GENSCAN00000034754	ENSP00000438382	42.35	170	97	1	78	247	11	179	2e-32	 139
GENSCAN00000034754	ENSP00000445050	42.35	170	97	1	78	247	11	179	2e-32	 139
GENSCAN00000034754	ENSP00000438492	42.35	170	97	1	78	247	11	179	2e-32	 139
GENSCAN00000034754	ENSP00000248139	42.35	170	97	1	78	247	11	179	2e-32	 139
GENSCAN00000034754	ENSP00000437797	40.37	161	96	0	82	242	14	174	2e-32	 139
GENSCAN00000034754	ENSP00000285208	40.37	161	96	0	82	242	14	174	2e-32	 139
GENSCAN00000034754	ENSP00000445314	45.71	140	76	0	123	262	2	141	4e-32	 138
GENSCAN00000034754	ENSP00000218249	42.26	168	96	1	78	245	11	177	4e-32	 138
GENSCAN00000034754	ENSP00000383318	42.11	152	88	0	82	233	6	157	4e-32	 138
GENSCAN00000034754	ENSP00000261263	35.26	190	116	2	80	262	18	207	5e-32	 137
GENSCAN00000034754	ENSP00000264601	36.18	199	124	3	76	273	14	210	7e-32	 137
GENSCAN00000034754	ENSP00000305648	41.67	168	97	1	78	245	11	177	1e-31	 136
GENSCAN00000034754	ENSP00000361716	41.67	168	97	1	78	245	11	177	1e-31	 136
GENSCAN00000034754	ENSP00000443782	38.50	187	111	2	92	277	17	200	1e-30	 133
GENSCAN00000034754	ENSP00000381540	100.00	64	0	0	71	134	1	64	1e-30	 132
GENSCAN00000034754	ENSP00000381540	100.00	60	0	0	211	270	65	124	2e-27	 122
GENSCAN00000034754	ENSP00000265062	37.50	176	106	1	74	245	1	176	1e-29	 130
GENSCAN00000034754	ENSP00000419381	40.40	151	90	0	92	242	11	161	2e-29	 129
GENSCAN00000034754	ENSP00000387307	35.82	201	122	4	82	280	14	209	2e-29	 129
GENSCAN00000034754	ENSP00000420127	39.62	159	92	1	81	235	7	165	3e-29	 128
GENSCAN00000034754	ENSP00000435542	58.06	93	39	0	77	169	5	97	4e-29	 128
GENSCAN00000034754	ENSP00000376393	45.16	124	65	2	76	196	15	138	4e-29	 128
GENSCAN00000034754	ENSP00000415263	76.32	76	18	0	74	149	1	76	6e-29	 127
GENSCAN00000034754	ENSP00000407872	40.34	176	74	3	97	242	108	282	8e-29	 127
GENSCAN00000034754	ENSP00000410403	39.75	161	94	2	83	240	111	271	4e-28	 125
GENSCAN00000034754	ENSP00000373941	37.50	184	92	4	80	249	10	184	4e-28	 124
GENSCAN00000034754	ENSP00000433832	50.89	112	55	0	131	242	23	134	9e-28	 124
GENSCAN00000034754	ENSP00000404180	39.75	161	94	2	83	240	77	237	1e-27	 123
GENSCAN00000034754	ENSP00000378663	39.75	161	94	2	83	240	55	215	2e-27	 122
GENSCAN00000034754	ENSP00000407953	39.75	161	94	2	83	240	55	215	2e-27	 122
GENSCAN00000034754	ENSP00000243298	39.62	159	92	1	81	235	7	165	2e-27	 122
GENSCAN00000034754	ENSP00000378666	39.75	161	94	2	83	240	54	214	2e-27	 122
GENSCAN00000034754	ENSP00000301043	39.75	161	94	2	83	240	54	214	2e-27	 122
GENSCAN00000034754	ENSP00000260638	100.00	60	0	0	211	270	65	124	2e-27	 122
GENSCAN00000034754	ENSP00000260638	92.19	64	5	0	71	134	1	64	4e-27	 121
GENSCAN00000034754	ENSP00000413156	47.06	119	62	1	83	200	112	230	2e-27	 122
GENSCAN00000034754	ENSP00000437863	37.71	175	105	2	104	277	3	174	3e-27	 122
GENSCAN00000034754	ENSP00000444593	43.90	123	69	0	82	204	14	136	3e-27	 122
GENSCAN00000034754	ENSP00000391025	47.06	119	62	1	83	200	75	193	3e-27	 121
GENSCAN00000034754	ENSP00000363597	36.00	175	111	1	83	256	33	207	4e-27	 121
GENSCAN00000034754	ENSP00000439964	40.72	167	75	3	82	247	9	152	7e-27	 120
GENSCAN00000034754	ENSP00000402910	32.29	192	123	4	79	264	5	195	1e-26	 120
GENSCAN00000034754	ENSP00000235932	32.29	192	123	4	79	264	5	195	1e-26	 120
GENSCAN00000034754	ENSP00000356107	32.29	192	123	4	79	264	5	195	1e-26	 120
GENSCAN00000034754	ENSP00000226259	39.49	157	92	2	83	236	54	210	1e-26	 119
GENSCAN00000034754	ENSP00000398706	39.49	157	92	2	83	236	54	210	1e-26	 119
GENSCAN00000034754	ENSP00000320413	35.37	164	105	1	83	246	11	173	4e-26	 118
GENSCAN00000034754	ENSP00000417610	35.37	164	105	1	83	246	11	173	4e-26	 118
GENSCAN00000034754	ENSP00000367557	57.14	91	39	0	74	164	1	91	4e-26	 118
GENSCAN00000034754	ENSP00000263116	38.65	163	97	2	81	240	123	285	6e-26	 117
GENSCAN00000034754	ENSP00000005257	37.95	166	101	2	81	245	14	178	7e-26	 117
GENSCAN00000034754	ENSP00000243662	37.14	175	101	5	76	242	4	177	9e-26	 117
GENSCAN00000034754	ENSP00000391048	50.00	96	48	0	83	178	77	172	3e-25	 115
GENSCAN00000034754	ENSP00000276066	35.43	175	111	2	83	256	33	206	3e-25	 115
GENSCAN00000034754	ENSP00000378664	50.00	96	48	0	83	178	54	149	5e-25	 114
GENSCAN00000034754	ENSP00000449612	50.49	103	51	0	82	184	22	124	9e-25	 113
GENSCAN00000034754	ENSP00000356465	33.53	170	107	3	79	242	23	192	1e-24	 113
GENSCAN00000034754	ENSP00000438764	34.88	172	108	3	81	249	36	206	1e-24	 113
GENSCAN00000034754	ENSP00000414224	34.73	167	106	2	81	245	14	179	1e-24	 113
GENSCAN00000034754	ENSP00000272519	34.73	167	106	2	81	245	14	179	1e-24	 113
GENSCAN00000034754	ENSP00000229824	37.41	147	82	2	75	213	9	153	2e-24	 112
GENSCAN00000034754	ENSP00000433243	46.15	117	35	1	77	193	5	93	2e-24	 112
GENSCAN00000034754	ENSP00000391319	37.42	163	61	1	82	244	21	142	4e-24	 111
GENSCAN00000034754	ENSP00000419941	40.16	122	73	0	104	225	3	124	8e-24	 110
GENSCAN00000034754	ENSP00000413227	38.71	155	93	2	81	234	8	161	1e-23	 110
GENSCAN00000034754	ENSP00000447895	51.58	95	46	0	82	176	21	115	3e-23	 108
GENSCAN00000034754	ENSP00000264711	30.12	166	111	1	82	242	17	182	4e-23	 108
GENSCAN00000034754	ENSP00000308495	37.80	164	99	3	82	244	4	165	7e-23	 107
GENSCAN00000034754	ENSP00000417978	37.31	134	80	1	74	203	1	134	8e-23	 107
GENSCAN00000034754	ENSP00000358548	38.41	164	98	3	82	244	4	165	1e-22	 107
GENSCAN00000034754	ENSP00000256078	36.84	152	93	3	94	244	16	165	2e-22	 106
GENSCAN00000034754	ENSP00000443009	34.34	166	106	3	82	245	4	168	2e-22	 105
GENSCAN00000034754	ENSP00000394318	34.34	166	106	3	82	245	4	168	2e-22	 105
GENSCAN00000034754	ENSP00000358723	34.34	166	106	3	82	245	4	168	2e-22	 105
GENSCAN00000034754	ENSP00000348786	34.34	166	106	3	82	245	4	168	2e-22	 105
GENSCAN00000034754	ENSP00000398162	35.48	155	97	2	81	233	14	167	3e-22	 105
GENSCAN00000034754	ENSP00000439966	33.73	166	107	3	82	245	4	168	6e-22	 104
GENSCAN00000034754	ENSP00000441275	33.73	166	107	3	82	245	4	168	6e-22	 104
GENSCAN00000034754	ENSP00000377085	33.73	166	107	3	82	245	4	168	6e-22	 104
GENSCAN00000034754	ENSP00000250559	33.73	166	107	3	82	245	4	168	6e-22	 104
GENSCAN00000034754	ENSP00000387229	34.76	164	100	3	83	246	23	179	9e-22	 103
GENSCAN00000034754	ENSP00000390782	61.64	73	28	0	77	149	14	86	1e-21	 103
GENSCAN00000034754	ENSP00000378958	34.76	164	100	3	83	246	23	179	2e-21	 102
GENSCAN00000034754	ENSP00000319096	37.80	164	96	3	94	256	16	174	2e-21	 102
GENSCAN00000034754	ENSP00000407586	36.59	164	101	3	82	244	4	165	2e-21	 102
GENSCAN00000034754	ENSP00000309845	36.59	164	101	3	82	244	4	165	2e-21	 102
GENSCAN00000034754	ENSP00000380723	36.59	164	101	3	82	244	4	165	2e-21	 102
GENSCAN00000034754	ENSP00000376871	35.95	153	93	2	83	235	23	170	2e-21	 102
GENSCAN00000034754	ENSP00000376872	35.95	153	93	2	83	235	23	170	2e-21	 102
GENSCAN00000034754	ENSP00000410279	38.46	143	85	2	101	240	50	192	3e-21	 102
GENSCAN00000034754	ENSP00000304376	33.54	164	103	3	83	241	9	171	4e-21	 102
GENSCAN00000034754	ENSP00000377235	33.54	164	103	3	83	241	9	171	4e-21	 102
GENSCAN00000034754	ENSP00000401906	35.95	153	93	2	83	235	23	170	4e-21	 101
GENSCAN00000034754	ENSP00000378962	35.95	153	93	2	83	235	23	170	4e-21	 101
GENSCAN00000034754	ENSP00000343494	37.76	143	86	2	101	240	121	263	5e-21	 101
GENSCAN00000034754	ENSP00000340079	34.52	168	106	2	79	242	10	177	5e-21	 101
GENSCAN00000034754	ENSP00000376870	35.90	156	90	3	83	235	23	171	6e-21	 101
GENSCAN00000034754	ENSP00000357305	33.94	165	107	2	82	245	39	202	6e-21	 101
GENSCAN00000034754	ENSP00000357306	33.94	165	107	2	82	245	22	185	1e-20	 100
GENSCAN00000034754	ENSP00000378960	35.90	156	90	3	83	235	23	171	1e-20	 100
GENSCAN00000034754	ENSP00000346940	35.90	156	90	3	83	235	23	171	1e-20	 100
GENSCAN00000034754	ENSP00000436587	58.11	74	31	0	120	193	2	75	1e-20	 100
GENSCAN00000034754	ENSP00000443851	35.06	154	97	3	82	233	4	156	1e-20	 100
GENSCAN00000034754	ENSP00000401095	35.06	154	97	3	82	233	4	156	1e-20	 100
GENSCAN00000034754	ENSP00000376176	32.30	161	106	2	82	242	11	168	1e-20	 100
GENSCAN00000034754	ENSP00000446215	32.30	161	106	2	82	242	11	168	1e-20	 100
GENSCAN00000034754	ENSP00000384328	30.32	188	107	3	81	245	14	200	2e-20	99.8
GENSCAN00000034754	ENSP00000245304	35.48	186	100	4	94	278	16	182	2e-20	99.8
GENSCAN00000034754	ENSP00000288723	34.52	168	106	2	79	242	10	177	2e-20	99.4
GENSCAN00000034754	ENSP00000396127	31.48	162	108	2	81	242	28	186	6e-20	97.8
GENSCAN00000034754	ENSP00000446591	43.14	102	58	0	143	244	2	103	7e-20	97.8
GENSCAN00000034754	ENSP00000328551	34.52	168	106	2	79	242	10	177	1e-19	96.7
GENSCAN00000034754	ENSP00000359911	34.78	184	100	4	94	276	16	180	1e-19	96.7
GENSCAN00000034754	ENSP00000340274	34.78	184	100	4	94	276	16	180	1e-19	96.7
GENSCAN00000034754	ENSP00000444042	31.25	160	107	2	83	242	8	164	2e-19	96.3
GENSCAN00000034754	ENSP00000393541	34.13	167	105	3	83	244	7	173	2e-19	96.3
GENSCAN00000034754	ENSP00000308576	33.91	174	98	6	83	242	19	189	5e-19	94.7
GENSCAN00000034754	ENSP00000417668	30.81	172	76	2	74	245	1	129	1e-18	93.2
GENSCAN00000034754	ENSP00000433485	43.96	91	48	2	92	180	6	95	2e-18	92.8
GENSCAN00000034754	ENSP00000376174	29.78	178	105	3	82	242	11	185	2e-18	92.4
GENSCAN00000034754	ENSP00000343593	32.93	164	105	3	86	244	9	172	3e-18	92.4
GENSCAN00000034754	ENSP00000402866	35.71	126	78	2	81	204	36	160	5e-18	91.7
GENSCAN00000034754	ENSP00000246792	32.89	152	100	2	94	244	42	192	5e-18	91.3
GENSCAN00000034754	ENSP00000440466	34.59	133	85	2	82	213	4	135	6e-18	91.3
GENSCAN00000034754	ENSP00000396741	37.10	124	76	2	82	204	4	126	7e-18	90.9
GENSCAN00000034754	ENSP00000418955	40.66	91	54	0	74	164	1	91	7e-18	90.9
GENSCAN00000034754	ENSP00000414017	36.29	124	77	2	82	204	4	126	8e-18	90.9
GENSCAN00000034754	ENSP00000444060	36.29	124	77	2	82	204	4	126	8e-18	90.9
GENSCAN00000034754	ENSP00000364919	33.14	172	112	2	76	245	2	172	1e-17	90.5
GENSCAN00000034754	ENSP00000449554	52.50	80	38	0	82	161	21	100	1e-17	90.5
GENSCAN00000034754	ENSP00000388246	36.99	146	89	3	82	226	4	147	1e-17	89.7
GENSCAN00000034754	ENSP00000434023	36.99	146	89	3	82	226	4	147	1e-17	89.7
GENSCAN00000034754	ENSP00000380722	36.99	146	89	3	82	226	4	147	1e-17	89.7
GENSCAN00000034754	ENSP00000358650	36.75	117	71	3	83	198	7	121	2e-17	89.7
GENSCAN00000034754	ENSP00000397499	48.28	87	43	1	96	182	2	86	2e-17	89.7
GENSCAN00000034754	ENSP00000400240	33.33	135	66	2	81	214	19	130	2e-17	89.4
GENSCAN00000034754	ENSP00000400175	31.11	180	107	6	83	247	7	184	2e-17	89.4
GENSCAN00000034754	ENSP00000434877	31.33	166	107	4	83	247	44	203	3e-17	89.0
GENSCAN00000034754	ENSP00000358647	28.80	184	124	4	83	265	7	184	6e-17	87.8
GENSCAN00000034754	ENSP00000358646	28.80	184	124	4	83	265	7	184	6e-17	87.8
GENSCAN00000034754	ENSP00000358651	28.80	184	124	4	83	265	7	184	6e-17	87.8
GENSCAN00000034754	ENSP00000358652	28.80	184	124	4	83	265	7	184	6e-17	87.8
GENSCAN00000034754	ENSP00000285735	28.80	184	124	4	83	265	7	184	6e-17	87.8
GENSCAN00000034754	ENSP00000358656	28.80	184	124	4	83	265	7	184	6e-17	87.8
GENSCAN00000034754	ENSP00000345236	28.80	184	124	4	83	265	7	184	6e-17	87.8
GENSCAN00000034754	ENSP00000302085	34.07	135	84	2	111	241	9	142	6e-17	87.8
GENSCAN00000034754	ENSP00000389899	32.37	173	85	5	79	246	5	150	6e-17	87.8
GENSCAN00000034754	ENSP00000390823	28.80	184	124	4	83	265	7	184	8e-17	87.4
GENSCAN00000034754	ENSP00000272233	31.11	180	107	5	83	247	7	184	9e-17	87.4
GENSCAN00000034754	ENSP00000437415	36.44	118	73	2	82	198	4	120	1e-16	87.0
GENSCAN00000034754	ENSP00000262187	32.40	179	117	3	83	260	8	183	1e-16	87.0
GENSCAN00000034754	ENSP00000436240	31.33	166	107	4	83	247	7	166	1e-16	86.7
GENSCAN00000034754	ENSP00000418356	34.19	155	99	3	94	246	26	179	1e-16	86.7
GENSCAN00000034754	ENSP00000389682	34.19	155	99	3	94	246	26	179	1e-16	86.7
GENSCAN00000034754	ENSP00000289104	34.19	155	99	3	94	246	26	179	1e-16	86.7
GENSCAN00000034754	ENSP00000397594	51.32	76	37	0	81	156	18	93	2e-16	86.3
GENSCAN00000034754	ENSP00000413587	34.85	132	79	4	83	213	7	132	2e-16	86.3
GENSCAN00000034754	ENSP00000399424	36.75	117	71	3	83	198	7	121	5e-16	84.7
